{
 "cells": [
  {
   "attachments": {},
   "cell_type": "markdown",
   "metadata": {},
   "source": [
    "# Analysis of Wordle dataset\n",
    "\n",
    "This document aims to analyse all of the words within wordle dictionary to suggest best possible words that could be used for guessing the wordle words.\n",
    "\n",
    "## Install dependencies"
   ]
  },
  {
   "cell_type": "code",
   "execution_count": 51,
   "metadata": {},
   "outputs": [
    {
     "name": "stdout",
     "output_type": "stream",
     "text": [
      "Requirement already satisfied: pandas in /home/zryw/projects/.venv/lib/python3.8/site-packages (2.0.3)\n",
      "Requirement already satisfied: python-dateutil>=2.8.2 in /home/zryw/projects/.venv/lib/python3.8/site-packages (from pandas) (2.8.2)\n",
      "Requirement already satisfied: pytz>=2020.1 in /home/zryw/projects/.venv/lib/python3.8/site-packages (from pandas) (2023.3)\n",
      "Requirement already satisfied: tzdata>=2022.1 in /home/zryw/projects/.venv/lib/python3.8/site-packages (from pandas) (2023.3)\n",
      "Requirement already satisfied: numpy>=1.20.3 in /home/zryw/projects/.venv/lib/python3.8/site-packages (from pandas) (1.24.4)\n",
      "Requirement already satisfied: six>=1.5 in /home/zryw/projects/.venv/lib/python3.8/site-packages (from python-dateutil>=2.8.2->pandas) (1.16.0)\n"
     ]
    }
   ],
   "source": [
    "# Install a pip package in the current Jupyter kernel\n",
    "import sys\n",
    "!{sys.executable} -m pip install pandas"
   ]
  },
  {
   "attachments": {},
   "cell_type": "markdown",
   "metadata": {},
   "source": [
    "## Load data form files"
   ]
  },
  {
   "cell_type": "code",
   "execution_count": 80,
   "metadata": {},
   "outputs": [
    {
     "name": "stdout",
     "output_type": "stream",
     "text": [
      "Stored 'dataset' (DataFrame)\n",
      "Loaded 12972 rows\n"
     ]
    }
   ],
   "source": [
    "from IPython.display import display\n",
    "import pandas\n",
    "\n",
    "def load_data_from_csv(file):\n",
    "    return pandas.read_csv(file, header=None)\n",
    "\n",
    "la = load_data_from_csv('./data/wordle-la.txt')\n",
    "ta = load_data_from_csv('./data/wordle-ta.txt')\n",
    "\n",
    "dataset = pandas.concat([la, ta])\n",
    "dataset_size = dataset.size\n",
    "\n",
    "%store dataset\n",
    "\n",
    "print(f\"Loaded {dataset_size} rows\")"
   ]
  },
  {
   "attachments": {},
   "cell_type": "markdown",
   "metadata": {},
   "source": [
    "## Count characters"
   ]
  },
  {
   "cell_type": "code",
   "execution_count": 81,
   "metadata": {},
   "outputs": [
    {
     "name": "stdout",
     "output_type": "stream",
     "text": [
      "Stored 'data' (DataFrame)\n"
     ]
    }
   ],
   "source": [
    "data = pandas.DataFrame([list(d[1][0]) for d in dataset.iterrows()])\n",
    "data = data.apply(pandas.value_counts)\n",
    "data.rename(columns={0: 'Pos 1',1: 'Pos 2',2: 'Pos 3',3: 'Pos 4',4: 'Pos 5'}, inplace=True)\n",
    "data['Total Count'] = data.sum(axis=1)\n",
    "\n",
    "index_labels=['a','b','c','d','e','f','g','h','i','j','k','l','m','n','o','p','q','r','s','t','u','v','w','x','y','z']\n",
    "data = pandas.DataFrame(data, index=index_labels)\n",
    "%store data"
   ]
  },
  {
   "attachments": {},
   "cell_type": "markdown",
   "metadata": {},
   "source": [
    "### Display character counts per position sorted alphabetically"
   ]
  },
  {
   "cell_type": "code",
   "execution_count": 78,
   "metadata": {},
   "outputs": [
    {
     "data": {
      "text/html": [
       "<div>\n",
       "<style scoped>\n",
       "    .dataframe tbody tr th:only-of-type {\n",
       "        vertical-align: middle;\n",
       "    }\n",
       "\n",
       "    .dataframe tbody tr th {\n",
       "        vertical-align: top;\n",
       "    }\n",
       "\n",
       "    .dataframe thead th {\n",
       "        text-align: right;\n",
       "    }\n",
       "</style>\n",
       "<table border=\"1\" class=\"dataframe\">\n",
       "  <thead>\n",
       "    <tr style=\"text-align: right;\">\n",
       "      <th></th>\n",
       "      <th>Pos 1</th>\n",
       "      <th>Pos 2</th>\n",
       "      <th>Pos 3</th>\n",
       "      <th>Pos 4</th>\n",
       "      <th>Pos 5</th>\n",
       "      <th>Total Count</th>\n",
       "    </tr>\n",
       "  </thead>\n",
       "  <tbody>\n",
       "    <tr>\n",
       "      <th>a</th>\n",
       "      <td>737</td>\n",
       "      <td>2263</td>\n",
       "      <td>1236</td>\n",
       "      <td>1074</td>\n",
       "      <td>680</td>\n",
       "      <td>5990</td>\n",
       "    </tr>\n",
       "    <tr>\n",
       "      <th>b</th>\n",
       "      <td>909</td>\n",
       "      <td>81</td>\n",
       "      <td>335</td>\n",
       "      <td>243</td>\n",
       "      <td>59</td>\n",
       "      <td>1627</td>\n",
       "    </tr>\n",
       "    <tr>\n",
       "      <th>c</th>\n",
       "      <td>922</td>\n",
       "      <td>176</td>\n",
       "      <td>392</td>\n",
       "      <td>411</td>\n",
       "      <td>127</td>\n",
       "      <td>2028</td>\n",
       "    </tr>\n",
       "    <tr>\n",
       "      <th>d</th>\n",
       "      <td>685</td>\n",
       "      <td>84</td>\n",
       "      <td>390</td>\n",
       "      <td>471</td>\n",
       "      <td>823</td>\n",
       "      <td>2453</td>\n",
       "    </tr>\n",
       "    <tr>\n",
       "      <th>e</th>\n",
       "      <td>303</td>\n",
       "      <td>1628</td>\n",
       "      <td>882</td>\n",
       "      <td>2327</td>\n",
       "      <td>1522</td>\n",
       "      <td>6662</td>\n",
       "    </tr>\n",
       "    <tr>\n",
       "      <th>f</th>\n",
       "      <td>598</td>\n",
       "      <td>24</td>\n",
       "      <td>178</td>\n",
       "      <td>233</td>\n",
       "      <td>82</td>\n",
       "      <td>1115</td>\n",
       "    </tr>\n",
       "    <tr>\n",
       "      <th>g</th>\n",
       "      <td>638</td>\n",
       "      <td>76</td>\n",
       "      <td>364</td>\n",
       "      <td>423</td>\n",
       "      <td>143</td>\n",
       "      <td>1644</td>\n",
       "    </tr>\n",
       "    <tr>\n",
       "      <th>h</th>\n",
       "      <td>489</td>\n",
       "      <td>546</td>\n",
       "      <td>120</td>\n",
       "      <td>235</td>\n",
       "      <td>370</td>\n",
       "      <td>1760</td>\n",
       "    </tr>\n",
       "    <tr>\n",
       "      <th>i</th>\n",
       "      <td>165</td>\n",
       "      <td>1383</td>\n",
       "      <td>1051</td>\n",
       "      <td>880</td>\n",
       "      <td>280</td>\n",
       "      <td>3759</td>\n",
       "    </tr>\n",
       "    <tr>\n",
       "      <th>j</th>\n",
       "      <td>202</td>\n",
       "      <td>11</td>\n",
       "      <td>46</td>\n",
       "      <td>29</td>\n",
       "      <td>3</td>\n",
       "      <td>291</td>\n",
       "    </tr>\n",
       "    <tr>\n",
       "      <th>k</th>\n",
       "      <td>376</td>\n",
       "      <td>95</td>\n",
       "      <td>272</td>\n",
       "      <td>503</td>\n",
       "      <td>259</td>\n",
       "      <td>1505</td>\n",
       "    </tr>\n",
       "    <tr>\n",
       "      <th>l</th>\n",
       "      <td>577</td>\n",
       "      <td>699</td>\n",
       "      <td>848</td>\n",
       "      <td>771</td>\n",
       "      <td>476</td>\n",
       "      <td>3371</td>\n",
       "    </tr>\n",
       "    <tr>\n",
       "      <th>m</th>\n",
       "      <td>693</td>\n",
       "      <td>188</td>\n",
       "      <td>511</td>\n",
       "      <td>402</td>\n",
       "      <td>182</td>\n",
       "      <td>1976</td>\n",
       "    </tr>\n",
       "    <tr>\n",
       "      <th>n</th>\n",
       "      <td>325</td>\n",
       "      <td>345</td>\n",
       "      <td>964</td>\n",
       "      <td>788</td>\n",
       "      <td>530</td>\n",
       "      <td>2952</td>\n",
       "    </tr>\n",
       "    <tr>\n",
       "      <th>o</th>\n",
       "      <td>262</td>\n",
       "      <td>2096</td>\n",
       "      <td>993</td>\n",
       "      <td>698</td>\n",
       "      <td>389</td>\n",
       "      <td>4438</td>\n",
       "    </tr>\n",
       "    <tr>\n",
       "      <th>p</th>\n",
       "      <td>859</td>\n",
       "      <td>231</td>\n",
       "      <td>364</td>\n",
       "      <td>418</td>\n",
       "      <td>147</td>\n",
       "      <td>2019</td>\n",
       "    </tr>\n",
       "    <tr>\n",
       "      <th>q</th>\n",
       "      <td>78</td>\n",
       "      <td>15</td>\n",
       "      <td>13</td>\n",
       "      <td>2</td>\n",
       "      <td>4</td>\n",
       "      <td>112</td>\n",
       "    </tr>\n",
       "    <tr>\n",
       "      <th>r</th>\n",
       "      <td>628</td>\n",
       "      <td>940</td>\n",
       "      <td>1198</td>\n",
       "      <td>719</td>\n",
       "      <td>673</td>\n",
       "      <td>4158</td>\n",
       "    </tr>\n",
       "    <tr>\n",
       "      <th>s</th>\n",
       "      <td>1565</td>\n",
       "      <td>93</td>\n",
       "      <td>533</td>\n",
       "      <td>516</td>\n",
       "      <td>3958</td>\n",
       "      <td>6665</td>\n",
       "    </tr>\n",
       "    <tr>\n",
       "      <th>t</th>\n",
       "      <td>815</td>\n",
       "      <td>239</td>\n",
       "      <td>616</td>\n",
       "      <td>898</td>\n",
       "      <td>727</td>\n",
       "      <td>3295</td>\n",
       "    </tr>\n",
       "    <tr>\n",
       "      <th>u</th>\n",
       "      <td>189</td>\n",
       "      <td>1187</td>\n",
       "      <td>667</td>\n",
       "      <td>401</td>\n",
       "      <td>67</td>\n",
       "      <td>2511</td>\n",
       "    </tr>\n",
       "    <tr>\n",
       "      <th>v</th>\n",
       "      <td>242</td>\n",
       "      <td>52</td>\n",
       "      <td>240</td>\n",
       "      <td>156</td>\n",
       "      <td>4</td>\n",
       "      <td>694</td>\n",
       "    </tr>\n",
       "    <tr>\n",
       "      <th>w</th>\n",
       "      <td>413</td>\n",
       "      <td>163</td>\n",
       "      <td>271</td>\n",
       "      <td>128</td>\n",
       "      <td>64</td>\n",
       "      <td>1039</td>\n",
       "    </tr>\n",
       "    <tr>\n",
       "      <th>x</th>\n",
       "      <td>16</td>\n",
       "      <td>57</td>\n",
       "      <td>133</td>\n",
       "      <td>12</td>\n",
       "      <td>70</td>\n",
       "      <td>288</td>\n",
       "    </tr>\n",
       "    <tr>\n",
       "      <th>y</th>\n",
       "      <td>181</td>\n",
       "      <td>271</td>\n",
       "      <td>213</td>\n",
       "      <td>108</td>\n",
       "      <td>1301</td>\n",
       "      <td>2074</td>\n",
       "    </tr>\n",
       "    <tr>\n",
       "      <th>z</th>\n",
       "      <td>105</td>\n",
       "      <td>29</td>\n",
       "      <td>142</td>\n",
       "      <td>126</td>\n",
       "      <td>32</td>\n",
       "      <td>434</td>\n",
       "    </tr>\n",
       "  </tbody>\n",
       "</table>\n",
       "</div>"
      ],
      "text/plain": [
       "   Pos 1  Pos 2  Pos 3  Pos 4  Pos 5  Total Count\n",
       "a    737   2263   1236   1074    680         5990\n",
       "b    909     81    335    243     59         1627\n",
       "c    922    176    392    411    127         2028\n",
       "d    685     84    390    471    823         2453\n",
       "e    303   1628    882   2327   1522         6662\n",
       "f    598     24    178    233     82         1115\n",
       "g    638     76    364    423    143         1644\n",
       "h    489    546    120    235    370         1760\n",
       "i    165   1383   1051    880    280         3759\n",
       "j    202     11     46     29      3          291\n",
       "k    376     95    272    503    259         1505\n",
       "l    577    699    848    771    476         3371\n",
       "m    693    188    511    402    182         1976\n",
       "n    325    345    964    788    530         2952\n",
       "o    262   2096    993    698    389         4438\n",
       "p    859    231    364    418    147         2019\n",
       "q     78     15     13      2      4          112\n",
       "r    628    940   1198    719    673         4158\n",
       "s   1565     93    533    516   3958         6665\n",
       "t    815    239    616    898    727         3295\n",
       "u    189   1187    667    401     67         2511\n",
       "v    242     52    240    156      4          694\n",
       "w    413    163    271    128     64         1039\n",
       "x     16     57    133     12     70          288\n",
       "y    181    271    213    108   1301         2074\n",
       "z    105     29    142    126     32          434"
      ]
     },
     "metadata": {},
     "output_type": "display_data"
    }
   ],
   "source": [
    "display(data)"
   ]
  },
  {
   "attachments": {},
   "cell_type": "markdown",
   "metadata": {},
   "source": [
    "### Display character count in each position by general popularity"
   ]
  },
  {
   "cell_type": "code",
   "execution_count": null,
   "metadata": {},
   "outputs": [
    {
     "name": "stdout",
     "output_type": "stream",
     "text": [
      "Stored 'pos_total' (DataFrame)\n"
     ]
    },
    {
     "data": {
      "text/html": [
       "<div>\n",
       "<style scoped>\n",
       "    .dataframe tbody tr th:only-of-type {\n",
       "        vertical-align: middle;\n",
       "    }\n",
       "\n",
       "    .dataframe tbody tr th {\n",
       "        vertical-align: top;\n",
       "    }\n",
       "\n",
       "    .dataframe thead th {\n",
       "        text-align: right;\n",
       "    }\n",
       "</style>\n",
       "<table border=\"1\" class=\"dataframe\">\n",
       "  <thead>\n",
       "    <tr style=\"text-align: right;\">\n",
       "      <th></th>\n",
       "      <th>Pos 1</th>\n",
       "      <th>Pos 2</th>\n",
       "      <th>Pos 3</th>\n",
       "      <th>Pos 4</th>\n",
       "      <th>Pos 5</th>\n",
       "      <th>Total Count</th>\n",
       "    </tr>\n",
       "  </thead>\n",
       "  <tbody>\n",
       "    <tr>\n",
       "      <th>s</th>\n",
       "      <td>1565</td>\n",
       "      <td>93</td>\n",
       "      <td>533</td>\n",
       "      <td>516</td>\n",
       "      <td>3958</td>\n",
       "      <td>6665</td>\n",
       "    </tr>\n",
       "    <tr>\n",
       "      <th>e</th>\n",
       "      <td>303</td>\n",
       "      <td>1628</td>\n",
       "      <td>882</td>\n",
       "      <td>2327</td>\n",
       "      <td>1522</td>\n",
       "      <td>6662</td>\n",
       "    </tr>\n",
       "    <tr>\n",
       "      <th>a</th>\n",
       "      <td>737</td>\n",
       "      <td>2263</td>\n",
       "      <td>1236</td>\n",
       "      <td>1074</td>\n",
       "      <td>680</td>\n",
       "      <td>5990</td>\n",
       "    </tr>\n",
       "    <tr>\n",
       "      <th>o</th>\n",
       "      <td>262</td>\n",
       "      <td>2096</td>\n",
       "      <td>993</td>\n",
       "      <td>698</td>\n",
       "      <td>389</td>\n",
       "      <td>4438</td>\n",
       "    </tr>\n",
       "    <tr>\n",
       "      <th>r</th>\n",
       "      <td>628</td>\n",
       "      <td>940</td>\n",
       "      <td>1198</td>\n",
       "      <td>719</td>\n",
       "      <td>673</td>\n",
       "      <td>4158</td>\n",
       "    </tr>\n",
       "    <tr>\n",
       "      <th>i</th>\n",
       "      <td>165</td>\n",
       "      <td>1383</td>\n",
       "      <td>1051</td>\n",
       "      <td>880</td>\n",
       "      <td>280</td>\n",
       "      <td>3759</td>\n",
       "    </tr>\n",
       "    <tr>\n",
       "      <th>l</th>\n",
       "      <td>577</td>\n",
       "      <td>699</td>\n",
       "      <td>848</td>\n",
       "      <td>771</td>\n",
       "      <td>476</td>\n",
       "      <td>3371</td>\n",
       "    </tr>\n",
       "    <tr>\n",
       "      <th>t</th>\n",
       "      <td>815</td>\n",
       "      <td>239</td>\n",
       "      <td>616</td>\n",
       "      <td>898</td>\n",
       "      <td>727</td>\n",
       "      <td>3295</td>\n",
       "    </tr>\n",
       "    <tr>\n",
       "      <th>n</th>\n",
       "      <td>325</td>\n",
       "      <td>345</td>\n",
       "      <td>964</td>\n",
       "      <td>788</td>\n",
       "      <td>530</td>\n",
       "      <td>2952</td>\n",
       "    </tr>\n",
       "    <tr>\n",
       "      <th>u</th>\n",
       "      <td>189</td>\n",
       "      <td>1187</td>\n",
       "      <td>667</td>\n",
       "      <td>401</td>\n",
       "      <td>67</td>\n",
       "      <td>2511</td>\n",
       "    </tr>\n",
       "    <tr>\n",
       "      <th>d</th>\n",
       "      <td>685</td>\n",
       "      <td>84</td>\n",
       "      <td>390</td>\n",
       "      <td>471</td>\n",
       "      <td>823</td>\n",
       "      <td>2453</td>\n",
       "    </tr>\n",
       "    <tr>\n",
       "      <th>y</th>\n",
       "      <td>181</td>\n",
       "      <td>271</td>\n",
       "      <td>213</td>\n",
       "      <td>108</td>\n",
       "      <td>1301</td>\n",
       "      <td>2074</td>\n",
       "    </tr>\n",
       "    <tr>\n",
       "      <th>c</th>\n",
       "      <td>922</td>\n",
       "      <td>176</td>\n",
       "      <td>392</td>\n",
       "      <td>411</td>\n",
       "      <td>127</td>\n",
       "      <td>2028</td>\n",
       "    </tr>\n",
       "    <tr>\n",
       "      <th>p</th>\n",
       "      <td>859</td>\n",
       "      <td>231</td>\n",
       "      <td>364</td>\n",
       "      <td>418</td>\n",
       "      <td>147</td>\n",
       "      <td>2019</td>\n",
       "    </tr>\n",
       "    <tr>\n",
       "      <th>m</th>\n",
       "      <td>693</td>\n",
       "      <td>188</td>\n",
       "      <td>511</td>\n",
       "      <td>402</td>\n",
       "      <td>182</td>\n",
       "      <td>1976</td>\n",
       "    </tr>\n",
       "    <tr>\n",
       "      <th>h</th>\n",
       "      <td>489</td>\n",
       "      <td>546</td>\n",
       "      <td>120</td>\n",
       "      <td>235</td>\n",
       "      <td>370</td>\n",
       "      <td>1760</td>\n",
       "    </tr>\n",
       "    <tr>\n",
       "      <th>g</th>\n",
       "      <td>638</td>\n",
       "      <td>76</td>\n",
       "      <td>364</td>\n",
       "      <td>423</td>\n",
       "      <td>143</td>\n",
       "      <td>1644</td>\n",
       "    </tr>\n",
       "    <tr>\n",
       "      <th>b</th>\n",
       "      <td>909</td>\n",
       "      <td>81</td>\n",
       "      <td>335</td>\n",
       "      <td>243</td>\n",
       "      <td>59</td>\n",
       "      <td>1627</td>\n",
       "    </tr>\n",
       "    <tr>\n",
       "      <th>k</th>\n",
       "      <td>376</td>\n",
       "      <td>95</td>\n",
       "      <td>272</td>\n",
       "      <td>503</td>\n",
       "      <td>259</td>\n",
       "      <td>1505</td>\n",
       "    </tr>\n",
       "    <tr>\n",
       "      <th>f</th>\n",
       "      <td>598</td>\n",
       "      <td>24</td>\n",
       "      <td>178</td>\n",
       "      <td>233</td>\n",
       "      <td>82</td>\n",
       "      <td>1115</td>\n",
       "    </tr>\n",
       "    <tr>\n",
       "      <th>w</th>\n",
       "      <td>413</td>\n",
       "      <td>163</td>\n",
       "      <td>271</td>\n",
       "      <td>128</td>\n",
       "      <td>64</td>\n",
       "      <td>1039</td>\n",
       "    </tr>\n",
       "    <tr>\n",
       "      <th>v</th>\n",
       "      <td>242</td>\n",
       "      <td>52</td>\n",
       "      <td>240</td>\n",
       "      <td>156</td>\n",
       "      <td>4</td>\n",
       "      <td>694</td>\n",
       "    </tr>\n",
       "    <tr>\n",
       "      <th>z</th>\n",
       "      <td>105</td>\n",
       "      <td>29</td>\n",
       "      <td>142</td>\n",
       "      <td>126</td>\n",
       "      <td>32</td>\n",
       "      <td>434</td>\n",
       "    </tr>\n",
       "    <tr>\n",
       "      <th>j</th>\n",
       "      <td>202</td>\n",
       "      <td>11</td>\n",
       "      <td>46</td>\n",
       "      <td>29</td>\n",
       "      <td>3</td>\n",
       "      <td>291</td>\n",
       "    </tr>\n",
       "    <tr>\n",
       "      <th>x</th>\n",
       "      <td>16</td>\n",
       "      <td>57</td>\n",
       "      <td>133</td>\n",
       "      <td>12</td>\n",
       "      <td>70</td>\n",
       "      <td>288</td>\n",
       "    </tr>\n",
       "    <tr>\n",
       "      <th>q</th>\n",
       "      <td>78</td>\n",
       "      <td>15</td>\n",
       "      <td>13</td>\n",
       "      <td>2</td>\n",
       "      <td>4</td>\n",
       "      <td>112</td>\n",
       "    </tr>\n",
       "  </tbody>\n",
       "</table>\n",
       "</div>"
      ],
      "text/plain": [
       "   Pos 1  Pos 2  Pos 3  Pos 4  Pos 5  Total Count\n",
       "s   1565     93    533    516   3958         6665\n",
       "e    303   1628    882   2327   1522         6662\n",
       "a    737   2263   1236   1074    680         5990\n",
       "o    262   2096    993    698    389         4438\n",
       "r    628    940   1198    719    673         4158\n",
       "i    165   1383   1051    880    280         3759\n",
       "l    577    699    848    771    476         3371\n",
       "t    815    239    616    898    727         3295\n",
       "n    325    345    964    788    530         2952\n",
       "u    189   1187    667    401     67         2511\n",
       "d    685     84    390    471    823         2453\n",
       "y    181    271    213    108   1301         2074\n",
       "c    922    176    392    411    127         2028\n",
       "p    859    231    364    418    147         2019\n",
       "m    693    188    511    402    182         1976\n",
       "h    489    546    120    235    370         1760\n",
       "g    638     76    364    423    143         1644\n",
       "b    909     81    335    243     59         1627\n",
       "k    376     95    272    503    259         1505\n",
       "f    598     24    178    233     82         1115\n",
       "w    413    163    271    128     64         1039\n",
       "v    242     52    240    156      4          694\n",
       "z    105     29    142    126     32          434\n",
       "j    202     11     46     29      3          291\n",
       "x     16     57    133     12     70          288\n",
       "q     78     15     13      2      4          112"
      ]
     },
     "metadata": {},
     "output_type": "display_data"
    }
   ],
   "source": [
    "pos_total = data.sort_values(by=['Total Count'], ascending=False)\n",
    "\n",
    "%store pos_total\n",
    "\n",
    "display(pos_total)"
   ]
  },
  {
   "attachments": {},
   "cell_type": "markdown",
   "metadata": {},
   "source": [
    "### Display most popular letters sorted by first position in the word"
   ]
  },
  {
   "cell_type": "code",
   "execution_count": null,
   "metadata": {},
   "outputs": [
    {
     "name": "stdout",
     "output_type": "stream",
     "text": [
      "Stored 'pos_1' (DataFrame)\n"
     ]
    },
    {
     "data": {
      "text/html": [
       "<div>\n",
       "<style scoped>\n",
       "    .dataframe tbody tr th:only-of-type {\n",
       "        vertical-align: middle;\n",
       "    }\n",
       "\n",
       "    .dataframe tbody tr th {\n",
       "        vertical-align: top;\n",
       "    }\n",
       "\n",
       "    .dataframe thead th {\n",
       "        text-align: right;\n",
       "    }\n",
       "</style>\n",
       "<table border=\"1\" class=\"dataframe\">\n",
       "  <thead>\n",
       "    <tr style=\"text-align: right;\">\n",
       "      <th></th>\n",
       "      <th>Pos 1</th>\n",
       "      <th>Pos 2</th>\n",
       "      <th>Pos 3</th>\n",
       "      <th>Pos 4</th>\n",
       "      <th>Pos 5</th>\n",
       "      <th>Total Count</th>\n",
       "    </tr>\n",
       "  </thead>\n",
       "  <tbody>\n",
       "    <tr>\n",
       "      <th>s</th>\n",
       "      <td>1565</td>\n",
       "      <td>93</td>\n",
       "      <td>533</td>\n",
       "      <td>516</td>\n",
       "      <td>3958</td>\n",
       "      <td>6665</td>\n",
       "    </tr>\n",
       "    <tr>\n",
       "      <th>c</th>\n",
       "      <td>922</td>\n",
       "      <td>176</td>\n",
       "      <td>392</td>\n",
       "      <td>411</td>\n",
       "      <td>127</td>\n",
       "      <td>2028</td>\n",
       "    </tr>\n",
       "    <tr>\n",
       "      <th>b</th>\n",
       "      <td>909</td>\n",
       "      <td>81</td>\n",
       "      <td>335</td>\n",
       "      <td>243</td>\n",
       "      <td>59</td>\n",
       "      <td>1627</td>\n",
       "    </tr>\n",
       "    <tr>\n",
       "      <th>p</th>\n",
       "      <td>859</td>\n",
       "      <td>231</td>\n",
       "      <td>364</td>\n",
       "      <td>418</td>\n",
       "      <td>147</td>\n",
       "      <td>2019</td>\n",
       "    </tr>\n",
       "    <tr>\n",
       "      <th>t</th>\n",
       "      <td>815</td>\n",
       "      <td>239</td>\n",
       "      <td>616</td>\n",
       "      <td>898</td>\n",
       "      <td>727</td>\n",
       "      <td>3295</td>\n",
       "    </tr>\n",
       "    <tr>\n",
       "      <th>a</th>\n",
       "      <td>737</td>\n",
       "      <td>2263</td>\n",
       "      <td>1236</td>\n",
       "      <td>1074</td>\n",
       "      <td>680</td>\n",
       "      <td>5990</td>\n",
       "    </tr>\n",
       "    <tr>\n",
       "      <th>m</th>\n",
       "      <td>693</td>\n",
       "      <td>188</td>\n",
       "      <td>511</td>\n",
       "      <td>402</td>\n",
       "      <td>182</td>\n",
       "      <td>1976</td>\n",
       "    </tr>\n",
       "    <tr>\n",
       "      <th>d</th>\n",
       "      <td>685</td>\n",
       "      <td>84</td>\n",
       "      <td>390</td>\n",
       "      <td>471</td>\n",
       "      <td>823</td>\n",
       "      <td>2453</td>\n",
       "    </tr>\n",
       "    <tr>\n",
       "      <th>g</th>\n",
       "      <td>638</td>\n",
       "      <td>76</td>\n",
       "      <td>364</td>\n",
       "      <td>423</td>\n",
       "      <td>143</td>\n",
       "      <td>1644</td>\n",
       "    </tr>\n",
       "    <tr>\n",
       "      <th>r</th>\n",
       "      <td>628</td>\n",
       "      <td>940</td>\n",
       "      <td>1198</td>\n",
       "      <td>719</td>\n",
       "      <td>673</td>\n",
       "      <td>4158</td>\n",
       "    </tr>\n",
       "    <tr>\n",
       "      <th>f</th>\n",
       "      <td>598</td>\n",
       "      <td>24</td>\n",
       "      <td>178</td>\n",
       "      <td>233</td>\n",
       "      <td>82</td>\n",
       "      <td>1115</td>\n",
       "    </tr>\n",
       "    <tr>\n",
       "      <th>l</th>\n",
       "      <td>577</td>\n",
       "      <td>699</td>\n",
       "      <td>848</td>\n",
       "      <td>771</td>\n",
       "      <td>476</td>\n",
       "      <td>3371</td>\n",
       "    </tr>\n",
       "    <tr>\n",
       "      <th>h</th>\n",
       "      <td>489</td>\n",
       "      <td>546</td>\n",
       "      <td>120</td>\n",
       "      <td>235</td>\n",
       "      <td>370</td>\n",
       "      <td>1760</td>\n",
       "    </tr>\n",
       "    <tr>\n",
       "      <th>w</th>\n",
       "      <td>413</td>\n",
       "      <td>163</td>\n",
       "      <td>271</td>\n",
       "      <td>128</td>\n",
       "      <td>64</td>\n",
       "      <td>1039</td>\n",
       "    </tr>\n",
       "    <tr>\n",
       "      <th>k</th>\n",
       "      <td>376</td>\n",
       "      <td>95</td>\n",
       "      <td>272</td>\n",
       "      <td>503</td>\n",
       "      <td>259</td>\n",
       "      <td>1505</td>\n",
       "    </tr>\n",
       "    <tr>\n",
       "      <th>n</th>\n",
       "      <td>325</td>\n",
       "      <td>345</td>\n",
       "      <td>964</td>\n",
       "      <td>788</td>\n",
       "      <td>530</td>\n",
       "      <td>2952</td>\n",
       "    </tr>\n",
       "    <tr>\n",
       "      <th>e</th>\n",
       "      <td>303</td>\n",
       "      <td>1628</td>\n",
       "      <td>882</td>\n",
       "      <td>2327</td>\n",
       "      <td>1522</td>\n",
       "      <td>6662</td>\n",
       "    </tr>\n",
       "    <tr>\n",
       "      <th>o</th>\n",
       "      <td>262</td>\n",
       "      <td>2096</td>\n",
       "      <td>993</td>\n",
       "      <td>698</td>\n",
       "      <td>389</td>\n",
       "      <td>4438</td>\n",
       "    </tr>\n",
       "    <tr>\n",
       "      <th>v</th>\n",
       "      <td>242</td>\n",
       "      <td>52</td>\n",
       "      <td>240</td>\n",
       "      <td>156</td>\n",
       "      <td>4</td>\n",
       "      <td>694</td>\n",
       "    </tr>\n",
       "    <tr>\n",
       "      <th>j</th>\n",
       "      <td>202</td>\n",
       "      <td>11</td>\n",
       "      <td>46</td>\n",
       "      <td>29</td>\n",
       "      <td>3</td>\n",
       "      <td>291</td>\n",
       "    </tr>\n",
       "    <tr>\n",
       "      <th>u</th>\n",
       "      <td>189</td>\n",
       "      <td>1187</td>\n",
       "      <td>667</td>\n",
       "      <td>401</td>\n",
       "      <td>67</td>\n",
       "      <td>2511</td>\n",
       "    </tr>\n",
       "    <tr>\n",
       "      <th>y</th>\n",
       "      <td>181</td>\n",
       "      <td>271</td>\n",
       "      <td>213</td>\n",
       "      <td>108</td>\n",
       "      <td>1301</td>\n",
       "      <td>2074</td>\n",
       "    </tr>\n",
       "    <tr>\n",
       "      <th>i</th>\n",
       "      <td>165</td>\n",
       "      <td>1383</td>\n",
       "      <td>1051</td>\n",
       "      <td>880</td>\n",
       "      <td>280</td>\n",
       "      <td>3759</td>\n",
       "    </tr>\n",
       "    <tr>\n",
       "      <th>z</th>\n",
       "      <td>105</td>\n",
       "      <td>29</td>\n",
       "      <td>142</td>\n",
       "      <td>126</td>\n",
       "      <td>32</td>\n",
       "      <td>434</td>\n",
       "    </tr>\n",
       "    <tr>\n",
       "      <th>q</th>\n",
       "      <td>78</td>\n",
       "      <td>15</td>\n",
       "      <td>13</td>\n",
       "      <td>2</td>\n",
       "      <td>4</td>\n",
       "      <td>112</td>\n",
       "    </tr>\n",
       "    <tr>\n",
       "      <th>x</th>\n",
       "      <td>16</td>\n",
       "      <td>57</td>\n",
       "      <td>133</td>\n",
       "      <td>12</td>\n",
       "      <td>70</td>\n",
       "      <td>288</td>\n",
       "    </tr>\n",
       "  </tbody>\n",
       "</table>\n",
       "</div>"
      ],
      "text/plain": [
       "   Pos 1  Pos 2  Pos 3  Pos 4  Pos 5  Total Count\n",
       "s   1565     93    533    516   3958         6665\n",
       "c    922    176    392    411    127         2028\n",
       "b    909     81    335    243     59         1627\n",
       "p    859    231    364    418    147         2019\n",
       "t    815    239    616    898    727         3295\n",
       "a    737   2263   1236   1074    680         5990\n",
       "m    693    188    511    402    182         1976\n",
       "d    685     84    390    471    823         2453\n",
       "g    638     76    364    423    143         1644\n",
       "r    628    940   1198    719    673         4158\n",
       "f    598     24    178    233     82         1115\n",
       "l    577    699    848    771    476         3371\n",
       "h    489    546    120    235    370         1760\n",
       "w    413    163    271    128     64         1039\n",
       "k    376     95    272    503    259         1505\n",
       "n    325    345    964    788    530         2952\n",
       "e    303   1628    882   2327   1522         6662\n",
       "o    262   2096    993    698    389         4438\n",
       "v    242     52    240    156      4          694\n",
       "j    202     11     46     29      3          291\n",
       "u    189   1187    667    401     67         2511\n",
       "y    181    271    213    108   1301         2074\n",
       "i    165   1383   1051    880    280         3759\n",
       "z    105     29    142    126     32          434\n",
       "q     78     15     13      2      4          112\n",
       "x     16     57    133     12     70          288"
      ]
     },
     "metadata": {},
     "output_type": "display_data"
    }
   ],
   "source": [
    "pos_1 = data.sort_values(by=['Pos 1'], ascending=False)\n",
    "\n",
    "%store pos_1\n",
    "\n",
    "display(pos_1)"
   ]
  },
  {
   "attachments": {},
   "cell_type": "markdown",
   "metadata": {},
   "source": [
    "### Display most popular letters sorted by second position in the word"
   ]
  },
  {
   "cell_type": "code",
   "execution_count": null,
   "metadata": {},
   "outputs": [
    {
     "name": "stdout",
     "output_type": "stream",
     "text": [
      "Stored 'pos_2' (DataFrame)\n"
     ]
    },
    {
     "data": {
      "text/html": [
       "<div>\n",
       "<style scoped>\n",
       "    .dataframe tbody tr th:only-of-type {\n",
       "        vertical-align: middle;\n",
       "    }\n",
       "\n",
       "    .dataframe tbody tr th {\n",
       "        vertical-align: top;\n",
       "    }\n",
       "\n",
       "    .dataframe thead th {\n",
       "        text-align: right;\n",
       "    }\n",
       "</style>\n",
       "<table border=\"1\" class=\"dataframe\">\n",
       "  <thead>\n",
       "    <tr style=\"text-align: right;\">\n",
       "      <th></th>\n",
       "      <th>Pos 1</th>\n",
       "      <th>Pos 2</th>\n",
       "      <th>Pos 3</th>\n",
       "      <th>Pos 4</th>\n",
       "      <th>Pos 5</th>\n",
       "      <th>Total Count</th>\n",
       "    </tr>\n",
       "  </thead>\n",
       "  <tbody>\n",
       "    <tr>\n",
       "      <th>a</th>\n",
       "      <td>737</td>\n",
       "      <td>2263</td>\n",
       "      <td>1236</td>\n",
       "      <td>1074</td>\n",
       "      <td>680</td>\n",
       "      <td>5990</td>\n",
       "    </tr>\n",
       "    <tr>\n",
       "      <th>o</th>\n",
       "      <td>262</td>\n",
       "      <td>2096</td>\n",
       "      <td>993</td>\n",
       "      <td>698</td>\n",
       "      <td>389</td>\n",
       "      <td>4438</td>\n",
       "    </tr>\n",
       "    <tr>\n",
       "      <th>e</th>\n",
       "      <td>303</td>\n",
       "      <td>1628</td>\n",
       "      <td>882</td>\n",
       "      <td>2327</td>\n",
       "      <td>1522</td>\n",
       "      <td>6662</td>\n",
       "    </tr>\n",
       "    <tr>\n",
       "      <th>i</th>\n",
       "      <td>165</td>\n",
       "      <td>1383</td>\n",
       "      <td>1051</td>\n",
       "      <td>880</td>\n",
       "      <td>280</td>\n",
       "      <td>3759</td>\n",
       "    </tr>\n",
       "    <tr>\n",
       "      <th>u</th>\n",
       "      <td>189</td>\n",
       "      <td>1187</td>\n",
       "      <td>667</td>\n",
       "      <td>401</td>\n",
       "      <td>67</td>\n",
       "      <td>2511</td>\n",
       "    </tr>\n",
       "    <tr>\n",
       "      <th>r</th>\n",
       "      <td>628</td>\n",
       "      <td>940</td>\n",
       "      <td>1198</td>\n",
       "      <td>719</td>\n",
       "      <td>673</td>\n",
       "      <td>4158</td>\n",
       "    </tr>\n",
       "    <tr>\n",
       "      <th>l</th>\n",
       "      <td>577</td>\n",
       "      <td>699</td>\n",
       "      <td>848</td>\n",
       "      <td>771</td>\n",
       "      <td>476</td>\n",
       "      <td>3371</td>\n",
       "    </tr>\n",
       "    <tr>\n",
       "      <th>h</th>\n",
       "      <td>489</td>\n",
       "      <td>546</td>\n",
       "      <td>120</td>\n",
       "      <td>235</td>\n",
       "      <td>370</td>\n",
       "      <td>1760</td>\n",
       "    </tr>\n",
       "    <tr>\n",
       "      <th>n</th>\n",
       "      <td>325</td>\n",
       "      <td>345</td>\n",
       "      <td>964</td>\n",
       "      <td>788</td>\n",
       "      <td>530</td>\n",
       "      <td>2952</td>\n",
       "    </tr>\n",
       "    <tr>\n",
       "      <th>y</th>\n",
       "      <td>181</td>\n",
       "      <td>271</td>\n",
       "      <td>213</td>\n",
       "      <td>108</td>\n",
       "      <td>1301</td>\n",
       "      <td>2074</td>\n",
       "    </tr>\n",
       "    <tr>\n",
       "      <th>t</th>\n",
       "      <td>815</td>\n",
       "      <td>239</td>\n",
       "      <td>616</td>\n",
       "      <td>898</td>\n",
       "      <td>727</td>\n",
       "      <td>3295</td>\n",
       "    </tr>\n",
       "    <tr>\n",
       "      <th>p</th>\n",
       "      <td>859</td>\n",
       "      <td>231</td>\n",
       "      <td>364</td>\n",
       "      <td>418</td>\n",
       "      <td>147</td>\n",
       "      <td>2019</td>\n",
       "    </tr>\n",
       "    <tr>\n",
       "      <th>m</th>\n",
       "      <td>693</td>\n",
       "      <td>188</td>\n",
       "      <td>511</td>\n",
       "      <td>402</td>\n",
       "      <td>182</td>\n",
       "      <td>1976</td>\n",
       "    </tr>\n",
       "    <tr>\n",
       "      <th>c</th>\n",
       "      <td>922</td>\n",
       "      <td>176</td>\n",
       "      <td>392</td>\n",
       "      <td>411</td>\n",
       "      <td>127</td>\n",
       "      <td>2028</td>\n",
       "    </tr>\n",
       "    <tr>\n",
       "      <th>w</th>\n",
       "      <td>413</td>\n",
       "      <td>163</td>\n",
       "      <td>271</td>\n",
       "      <td>128</td>\n",
       "      <td>64</td>\n",
       "      <td>1039</td>\n",
       "    </tr>\n",
       "    <tr>\n",
       "      <th>k</th>\n",
       "      <td>376</td>\n",
       "      <td>95</td>\n",
       "      <td>272</td>\n",
       "      <td>503</td>\n",
       "      <td>259</td>\n",
       "      <td>1505</td>\n",
       "    </tr>\n",
       "    <tr>\n",
       "      <th>s</th>\n",
       "      <td>1565</td>\n",
       "      <td>93</td>\n",
       "      <td>533</td>\n",
       "      <td>516</td>\n",
       "      <td>3958</td>\n",
       "      <td>6665</td>\n",
       "    </tr>\n",
       "    <tr>\n",
       "      <th>d</th>\n",
       "      <td>685</td>\n",
       "      <td>84</td>\n",
       "      <td>390</td>\n",
       "      <td>471</td>\n",
       "      <td>823</td>\n",
       "      <td>2453</td>\n",
       "    </tr>\n",
       "    <tr>\n",
       "      <th>b</th>\n",
       "      <td>909</td>\n",
       "      <td>81</td>\n",
       "      <td>335</td>\n",
       "      <td>243</td>\n",
       "      <td>59</td>\n",
       "      <td>1627</td>\n",
       "    </tr>\n",
       "    <tr>\n",
       "      <th>g</th>\n",
       "      <td>638</td>\n",
       "      <td>76</td>\n",
       "      <td>364</td>\n",
       "      <td>423</td>\n",
       "      <td>143</td>\n",
       "      <td>1644</td>\n",
       "    </tr>\n",
       "    <tr>\n",
       "      <th>x</th>\n",
       "      <td>16</td>\n",
       "      <td>57</td>\n",
       "      <td>133</td>\n",
       "      <td>12</td>\n",
       "      <td>70</td>\n",
       "      <td>288</td>\n",
       "    </tr>\n",
       "    <tr>\n",
       "      <th>v</th>\n",
       "      <td>242</td>\n",
       "      <td>52</td>\n",
       "      <td>240</td>\n",
       "      <td>156</td>\n",
       "      <td>4</td>\n",
       "      <td>694</td>\n",
       "    </tr>\n",
       "    <tr>\n",
       "      <th>z</th>\n",
       "      <td>105</td>\n",
